0, Start, 0.0050034896, 0.038403835, 0.022545192, -0.0040157065, 0.04582156, -0.045015503
1, Turning & Milling, 0.033713352, -0.044162083, -0.024708344, 0.019654598, 0.0051533803, 0.008827567
2, Turning & Milling Q.C., 0.0043713814, -0.00433247, 0.013549682, 0.0536462, -0.019971892, -0.012889306
3, Laser Marking, -0.026276458, -0.048239477, 0.018746872, -0.028891481, 0.014792677, 0.038579863
4, Lapping, -0.056007426, 0.019101297, -0.040343244, 0.00653765, 0.029862659, -0.016888063
5, Round Grinding, -0.00988589, -0.014777344, 0.033489443, 0.0690582, -0.019578662, -0.020361902
6, Final Inspection Q.C., 0.0006945359, 0.0043818844, 0.0097168535, 0.03797875, -0.025230318, -0.021117078
7, Packing, -0.021310031, 0.0073464154, -0.031995017, -0.040739264, -0.043309674, 0.038146127
8, Turning Q.C., 0.010803527, -0.01944575, -0.00015856442, -0.041350406, -0.038804077, 0.004948145
9, Flat Grinding, 0.04491204, 0.0112933265, -0.04968699, 0.050931018, 0.01670695, 0.011566207
10, Setup, 0.026886424, 0.038232323, -0.03906153, 0.03698184, -0.017535787, -0.040394057
11, Turning, 0.04698099, 0.02599505, -0.008879565, 0.016891528, 0.031124916, -0.0033176765
12, Grinding Rework, -0.043824624, -0.023268795, -0.035084855, -0.0039057843, 0.0051836, 0.009841811
13, SETUP     Turning & Milling, -0.020892726, 0.05373347, 0.036041245, 0.017468987, -0.039258983, 0.019838536
14, Final Inspection, 0.06339656, 0.037686124, -0.050119627, -0.019535184, 0.039031245, -0.013714897
15, Rework Milling, -0.024234766, -0.026573062, 0.0024128477, -0.031340037, 0.017599974, 0.076077916
16, Milling Q.C., 0.04102925, -0.047269333, -0.01574973, -0.008083332, 0.045830283, 0.04178517
17, Milling, -0.010503136, 0.04435228, 0.003040921, -0.017287157, 0.0027479306, 0.036116067
18, Fix, 0.0280739, 0.039872635, 0.0047410806, -0.015103847, 0.0382119, 0.032109406
19, Stress Relief, 0.031432632, 0.046486754, 0.003220648, 0.031596836, 0.011373521, 0.0068651056
20, Turning Rework, -0.039377883, -0.04643873, -0.038500402, 0.019538272, -0.0024919265, 0.028246485
21, Change Version, 0.04486109, -0.04548434, -0.013211943, -0.039838172, -0.011428822, 0.045384515
22, Turn & Mill. & Screw Assem, 0.006040347, 0.028963044, -0.02415385, 0.046357818, -0.01644555, 0.0017622451
23, Nitration Q.C., 0.023944171, 0.016670253, 0.004314602, 0.02692577, -0.01895855, 0.012637171
24, End, -0.014353622, -0.038065434, -0.01984911, 0.013303731, 0.009287905, 0.0019469261
