0, Start, 0.034268234, -0.02601899, 0.048719767, 0.021778274, -0.027670562, -0.013985943
1, Round Grinding, -0.035820592, 0.0062421234, -0.02029077, 0.04941437, 0.019912, 0.03991718
2, Lapping, 0.047479693, 0.024400916, -0.046311356, 0.048192654, 0.014408376, -0.022465909
3, Grinding Rework, 0.01894844, -0.010015346, -0.019203246, -0.046283808, 0.00400405, -0.006325327
4, Final Inspection Q.C., -0.05074095, 0.014322894, -0.021182975, 0.03902318, 0.051845286, 0.014605527
5, Turning Q.C., 0.030624993, 0.020349814, -0.025497966, 0.0032399995, -0.036787286, -0.033848386
6, Turning & Milling Q.C., -0.04451058, -0.02616328, -0.023148347, 0.0057227835, 0.007073082, -0.016714096
7, Laser Marking, 0.00016506319, -0.029774157, 0.022528892, -0.0035235938, -0.026943602, 1.2104542e-05
8, Packing, 0.030169586, 0.047236856, -0.025573686, -0.0031731245, -0.011930527, 0.002885077
9, Turning & Milling, -0.013318084, 0.01643021, 0.0056384914, 0.036129598, 0.040703703, -0.045882035
10, Turning, 0.048142824, -0.002653132, 0.0065814704, -0.0021302036, -0.029963054, -0.065714054
11, Flat Grinding, -0.0032944307, 0.01957247, -0.006788112, -0.02057091, 0.016653705, -0.021701181
12, Turn & Mill. & Screw Assem, 0.01622851, -0.04285823, 0.0052220537, 0.044668917, 0.032047473, 0.048977986
13, Fix, 0.01249231, -0.049979188, -0.033922244, -0.040756058, 0.020052206, 0.04342531
14, Setup, 0.017528784, 0.046674494, -0.002790738, -0.037547983, 0.028002154, 0.0023875833
15, Nitration Q.C., 0.026152503, 0.021293309, -0.03889774, 0.041556332, -0.047791958, -0.023725247
16, Milling, 0.048822712, 0.048152257, -0.03428129, -0.037364043, 0.04496063, 0.012589488
17, Milling Q.C., -0.03842843, -0.033333343, -0.022269886, -0.02713135, -0.024767155, 0.06739918
18, SETUP     Turning & Milling, -0.03082242, -0.015849996, -0.020725787, 0.012413252, -0.012247801, -0.020161498
19, Final Inspection, -0.027956618, 0.031739008, 0.047258247, -0.029298365, 0.0029329434, -0.030067623
20, Round  Q.C., -0.044564463, 0.031650122, -0.026535535, -0.03171778, 0.035973873, 0.017206661
21, Stress Relief, -0.024119968, 0.018817717, 0.045932434, -0.012688172, 0.019164938, -0.050252207
22, Change Version, -0.03136392, -0.0038106926, 0.00020954758, 0.00684911, 0.045975957, 0.027333986
23, Turning Rework, -0.028065575, -0.026884008, 0.03277525, 0.046953324, -0.038941465, -0.02921238
24, Rework Milling, 0.040784482, 0.025183681, 0.022454072, 0.00338725, -0.03274511, -0.0038002618
25, End, 0.04241853, -0.012831129, 0.013846267, 0.043437157, -0.022568071, -0.044110384
