0, Start, -0.015047185, -0.04591374, 0.07974351, 0.04647642, -0.090826206, 0.09367322, 0.1648457, 0.050720066, -0.017971927, -0.041870885
1, Traer informacion estudiante - banner, 0.094651364, 0.1020428, 0.054042246, -0.08841331, 0.041605663, 0.091292955, 0.021928785, 0.011336621, 0.021536803, 0.09625361
2, Radicar Solicitud Homologacion, 0.07536709, 0.08807095, 0.04437204, -0.08839668, 0.035485074, 0.09579813, 0.028221587, 0.0023041659, 0.01723919, 0.09612632
3, Validar solicitud, 0.05245435, 0.01808076, -0.101789705, -0.004442508, -0.17561415, 0.0038271046, -0.01990449, 0.06269593, 0.007711845, 0.15444396
4, Homologacion por grupo de cursos, -0.028827187, 0.06385813, -0.10986425, -0.073085494, -0.04997137, -0.032628734, 0.068652734, 0.06012546, -0.11266747, 0.102893546
5, Revisar curso, 0.0031731636, 0.06413495, -0.12575293, 0.039541382, -0.103157036, 0.05565231, -0.03985948, 0.084142365, 0.015828952, 0.10951428
6, Evaluacion curso, 0.011982443, 0.09536543, -0.16956244, -0.010083459, -0.10314749, 0.077518694, -0.013451009, 0.12186649, -0.019982632, 0.0033944582
7, Validacion final, -0.012753553, 0.034221947, -0.040960345, 0.085065074, -0.08947562, 0.020988874, -0.034659993, 0.08859146, -0.0066261617, 0.18107273
8, Visto Bueno Cierre Proceso, -0.015971024, 0.0567182, -0.072491646, -0.115086526, -0.03192444, -0.043095455, 0.019809421, 0.06493103, -0.20839265, -0.011887206
9, Cancelar Solicitud, -0.00062854413, 0.06295145, -0.08175218, -0.010527112, -0.081808195, 0.057171144, 0.024726558, -0.056444105, -0.017066095, 0.14196895
10, Notificacion estudiante cancelacion soli, 0.002520909, 0.07103219, -0.09460799, -0.011279272, -0.0967689, 0.06780349, 0.028616367, -0.05832996, -0.014145167, 0.1669513
11, Transferir Creditos, -0.0020248652, 0.13163993, -0.025015863, -0.02648333, -0.034037087, 0.016680585, 0.047789954, 0.014014251, -0.14855792, -0.11713662
12, Validar solicitud / pre-homologacion, -0.013419421, 0.035160612, -0.025445573, 0.06962081, -0.04739725, -0.048711218, 0.021160508, 0.10056804, 0.0027589465, 0.204035
13, Transferir creditos homologables, -0.030492341, 0.05656266, -0.051094875, -0.098924726, 0.0035034807, -0.031110337, 0.045663662, 0.05334358, -0.19517703, -0.0341149
14, Cancelar curso, -0.008996853, 0.13243273, -0.081990466, -0.053524736, -0.0037154288, -0.108057626, -0.13272826, -0.0089562, 0.07779648, 0.017488886
15, Recepcion de documentos, 0.008342161, 0.11409089, -0.023603212, 0.03120692, 0.0053345487, -0.12476817, 0.08351292, -0.0027806968, 0.1286676, -0.0034714285
16, Avanzar recepcion documentos, 0.024616266, 0.051798586, -0.0065179775, 0.07904672, 0.014775596, -0.068766594, 0.17079373, 0.014414118, 0.099238835, -0.0076726233
17, End, 0.039889444, 0.03485826, -0.027817119, -0.0108788125, 0.021625746, 0.0026600733, -0.007925462, -0.035403527, -0.022023512, -0.010872401
