0, Start, -0.037756935, -0.018159568, -0.040086, -0.031168325, -0.025144678, -0.007220818
1, Turning & Milling, 0.026787255, 0.00669409, 0.052070796, -0.010632957, 0.0098139085, -0.028707327
2, Turning & Milling Q.C., -0.0015135928, 0.07288994, -0.04798678, 0.03878162, 0.002185474, 0.025035556
3, Laser Marking, 0.012494849, -0.010353388, 0.009112619, 0.053598385, -0.018264113, -0.00078421837
4, Flat Grinding, 0.022648633, -0.03940438, 0.008723817, -0.044056255, -0.033853833, 0.0025457912
5, Lapping, -0.014908245, -0.0010302439, 0.08739624, 0.000495717, 0.03393362, -0.074523896
6, Round Grinding, -0.0012150406, 0.07385079, -0.012137953, 0.019859489, -0.0279849, -0.018416457
7, Grinding Rework, 0.0021312758, 0.019371385, 0.016846448, 0.0013194674, -0.073982485, -0.012408599
8, Final Inspection Q.C., 0.0010555276, 0.040001847, -0.0064367936, 0.015038616, 0.008448082, -0.030270938
9, Packing, -0.061404955, 0.007894661, 0.041686736, -0.021619909, 0.007856153, -0.03017552
10, Setup, 0.00066895003, -0.02139342, -0.01625559, -0.005694962, -0.03054088, 0.046743106
11, Turning, -0.013949445, -0.035597246, -0.03221079, 0.018282868, 0.03938553, 0.054943327
12, Turning Q.C., 0.010913996, 0.044010445, -0.028534349, 0.004864318, -0.013969886, 0.036874007
13, Rework Milling, -0.04604373, -0.027423492, -0.050534148, 0.006286164, 0.007895963, -0.015471927
14, Milling, 0.025274312, -0.02833118, 0.012764738, -0.06372186, 0.046636224, 0.01740565
15, Stress Relief, 0.044189766, 0.009235316, 0.022594392, -0.016138457, -0.026688714, 0.020272104
16, Fix, 0.012591703, 0.065611385, -0.04262765, 0.0011528381, -0.025148764, -0.054306626
17, Turn & Mill. & Screw Assem, 0.032071102, -0.012635635, 0.004430055, -0.009684804, 0.024717461, -0.036596417
18, Turning Rework, 0.01949062, -0.023325538, -0.019790845, 0.0017153342, -0.033365563, -0.046696037
19, Nitration Q.C., -0.02187949, -0.007983903, -0.008109833, -0.048453417, -0.032979764, -0.03449824
20, SETUP     Turning & Milling, -0.031175656, -0.015148317, -0.02916154, -0.038712543, -0.026825136, 0.010181573
21, End, 0.032053437, 0.037560474, -0.04061999, 0.028729055, -0.008560766, 0.026923154
