0, Start, 0.006633007, 0.07601031, 0.13122542, -0.023562098, 0.033392236, 0.058965757, -0.14020295, -0.011019143, 0.027171984, -0.03545166
1, Traer informacion estudiante - banner, -0.04250579, -0.096843205, 0.028035948, 0.047507353, 0.0024242033, -0.01220109, -0.06266311, 0.069273815, 0.07156242, 0.0908007
2, Radicar Solicitud Homologacion, -0.05704755, -0.12173212, 0.03364362, 0.049286526, -0.015263126, -0.028963534, -0.07460426, 0.08957011, 0.06470343, 0.072157346
3, Validar solicitud, -0.13333522, -0.03470328, -0.029626254, -0.13126718, 0.014745517, -0.10628414, -0.046740267, -0.02599828, 0.0038961684, -0.03201017
4, Homologacion por grupo de cursos, -0.17947982, 0.030659704, 0.054366924, -0.030772496, 0.022311745, -0.12709054, 0.008455055, 0.052401755, -0.059643906, -0.018885134
5, Revisar curso, -0.15004164, -0.047998536, -0.005067946, -0.17285766, 0.023953445, -0.057517406, -0.028453061, 0.028931439, -0.006219212, -0.029830247
6, Evaluacion curso, -0.02634003, -0.0011251573, 0.06256201, -0.13239767, 0.07569737, -0.1469862, 0.013909691, 0.044561353, -0.04860343, 0.05770168
7, Cancelar Solicitud, -0.114468426, -0.0028413823, -0.036004063, -0.094028234, -0.061081424, -0.06983326, -0.09190489, 0.023576383, 0.02285777, 0.061402585
8, Notificacion estudiante cancelacion soli, -0.117087275, 0.00059956335, -0.04358118, -0.096360564, -0.06811927, -0.08020587, -0.10148082, 0.02130807, 0.028080387, 0.06298748
9, Validar solicitud / pre-homologacion, -0.18456604, -0.03577245, 0.012863206, -0.12140004, -0.032795325, 0.043239053, 0.00618164, 0.051333655, -0.039867215, 0.007248774
10, Validacion final, -0.12229384, 0.022002213, 0.004417808, -0.10436346, -0.011707054, -0.10317534, 0.02298953, -0.02467706, 0.12242398, -0.00012013949
11, Visto Bueno Cierre Proceso, -0.09033189, 0.06915123, 0.05158498, 0.08475753, 0.028018877, -0.14288203, 0.02099784, 0.024935683, -0.043831088, -0.03046666
12, Transferir Creditos, -0.03172835, 0.09304698, -0.054265406, 0.09026249, 0.082750514, -0.090139784, -0.019880462, 0.10608191, -0.02107356, -0.04048245
13, Transferir creditos homologables, -0.034161914, 0.10576141, -0.06837145, 0.08615825, 0.08127538, -0.06760678, -0.014033017, 0.12172747, 0.0026968943, -0.03950285
14, Cancelar curso, -0.044714898, -0.0023538682, 0.0723659, -0.10847639, -0.034310125, 0.09413, -0.03566673, 0.122844875, -0.017526004, -0.060293064
15, Recepcion de documentos, 0.009678701, 0.046752874, 0.14280848, -0.022684185, 0.0071620694, 0.04273437, -0.12501813, -0.031078778, 0.01777574, -0.04788149
16, Avanzar recepcion documentos, 0.016973542, -0.042024374, -0.17032517, -0.0051400047, 0.033976477, -0.022998529, 0.08332374, 0.08487116, -0.017215755, 0.01893467
17, End, -0.02526684, -0.010645997, 0.020201016, 0.011623036, -0.041305818, -0.042380787, 0.017064903, -0.009648014, 0.003246881, -0.03579233
